EVT_OC_MAINGATE02_02.3DS 9033.698536783 950.97631835938 -6138.4822786041 0 -130 0 1 FULLWORLD2.ZEN
NC_STAIRS_V01.3DS 9116.0003776559 621.92230224609 -6274.6016731253 -60 -135 0 1 FULLWORLD2.ZEN
NW_CITY_CUPBOARD_POOR_02.3DS 6398.2099120436 259.93569946289 -6218.6049804688 0 5 0 1 FULLWORLD2.ZEN
NW_HARBOUR_BARREL_01.3DS 6400.5014648438 209.93569946289 -6215.7041015625 0 370 0 0 FULLWORLD2.ZEN
ADDON_DUNGEON_SCROLLS_01.3DS 6337.9464884086 264.93569946289 -6230.0095756837 0 65 0 0 FULLWORLD2.ZEN
NW_NATURE_SMALLWEED_24P.3DS 6398.7917815474 489.93566894531 -6406.7486119821 0 -5 0 0 FULLWORLD2.ZEN
ADDON_MISC_BOHLEN_01.3DS 6530.443359375 324.93569946289 -6264.1845703125 -3 -5 -85 0 FULLWORLD2.ZEN
OC_DECOROOF_V1.3DS 6396.9978362349 304.11404418945 -6375.5635533883 8 0 1 1 FULLWORLD2.ZEN
ADDON_MISC_BOHLEN_01.3DS 6261.3110351563 326.78610229492 -6242.9946289063 -3 -5 -85 0 FULLWORLD2.ZEN
addon_misc_bohlen_01.3ds 6263.0913085938 316.78610229492 -6341.0659179688 -3 -5 -85 0 FULLWORLD2.ZEN
addon_misc_bohlen_01.3ds 6532.5502929688 316.78610229492 -6340.9614257813 -3 -5 -90 0 FULLWORLD2.ZEN
EVT_NC_MAINGATE01.3DS 4780.02734375 -71.049682617188 1151.9754638672 0 105 0 1 FULLWORLD2.ZEN
OC_DECOROOF_V1.3DS 3776.2719935285 -85.54899597168 2413.3596144958 0 340 0 1 FULLWORLD2.ZEN
OC_DECOROOF_V1.3DS 3787.4498909245 -86.136169433594 1954.0383620402 0 -125 0 1 FULLWORLD2.ZEN
OC_FIREPLACE_V5.3DS 4278.6489226831 -31.136169433594 2006.7222772104 0 400 0 1 FULLWORLD2.ZEN
OC_FIREWOOD_V3.3DS 4017.8013103433 -201.13616943359 1666.011973919 0 325 0 1 FULLWORLD2.ZEN
OC_LEATHERSTAND_V01.3DS 3976.9184570313 -71.136169433594 1569.1306152344 0 -35 0 1 FULLWORLD2.ZEN
NW_MISC_BOARDS_02B.3DS 4431.8061523438 -71.136169433594 1551.3927001953 0 325 0 1 FULLWORLD2.ZEN
OW_NATURE_BIG_TREE_02_380P.3DS 2808.9860839844 -171.13616943359 791.47045898438 0 295 0 1 FULLWORLD2.ZEN
NC_LOB_TABLE2.3DS 4226.4272460938 -196.13616943359 2195.7119140625 0 440 0 1 FULLWORLD2.ZEN
MIN_LOB_PLANKS_2X3M.3DS 1686.8813476562 -12.494873046875 -2972.16015625 0 -180 0 1 FULLWORLD2.ZEN
min_lob_planks_2x3m.3ds 1699.7638707711 -6.494873046875 -2620.5805999068 0 -95 0 1 FULLWORLD2.ZEN
MIN_LOB_PLANKS_2X3M.3DS 1755.8895200509 75.50311279297 -2534.7464489471 -451 350 3 1 FULLWORLD2.ZEN
min_lob_planks_2x3m.3ds 1569.4637451172 75.50312805176 -2636.1872558594 -100 -90 15 1 FULLWORLD2.ZEN
min_lob_planks_2x3m.3ds 1565.3440152628 85.50312805176 -2956.4199194146 -94 265 4 1 FULLWORLD2.ZEN
min_lob_planks_2x3m.3ds 1778.9693505101 75.50312805176 -3170.1227182455 -88 -5 0 1 FULLWORLD2.ZEN
ADDON_MISC_WOODPILLAR_L01.3DS 1528.2845881429 75.83282470703 -2843.384272423 0 -95 0 1 FULLWORLD2.ZEN
addon_misc_woodpillar_l01.3ds 1557.0300292969 75.83282470703 -2541.1235351562 0 -10 0 1 FULLWORLD2.ZEN
addon_misc_woodpillar_l01.3ds 1568.7230114471 75.83282470703 -3136.8096986991 0 -90 0 1 FULLWORLD2.ZEN
NW_SHIP_STAIRS_NAVROOM_01.3DS 1926.6681917684 -84.199966430664 -2658.115480976 12 -275 1 1 FULLWORLD2.ZEN
MIN_LOB_PLANKS_3X7M.3DS 1776.5307740206 247.36468505859 -2449.8408367717 0 -85 177 1 FULLWORLD2.ZEN
ADDON_MISC_BOHLEN_01.3DS 1557.4804476278 -34.769638061523 -2972.16015625 80 268 -80 1 FULLWORLD2.ZEN
addon_misc_woodpillar_l01.3ds 1857.7492675781 49.147773742676 -3132.1506347656 0 -185 0 1 FULLWORLD2.ZEN
ADDON_MISC_BOHLEN_01.3DS 1848.83984375 96.384887695312 -2531.6506347656 181 0 -86 1 FULLWORLD2.ZEN
NW_CITY_WINDOW_WOOD_OUT_01.3DS 1887.5073875854 140.48634338379 -2998.7036059001 0 -90 0 0 FULLWORLD2.ZEN
nw_city_window_wood_out_01.3ds 1857.5073875854 140.48634338379 -2998.7036059001 0 -275 0 0 FULLWORLD2.ZEN
MIN_LOB_PLANKS_2X4M.3DS 1895.3463134766 33.364685058594 -2930.9348144531 2 450 270 1 FULLWORLD2.ZEN
KB_KOGGE_01.3DS -24431.388671875 -617.38671875 -43108.3671875 0 -220 0 1 FULLWORLD2.ZEN
ADDON_DUNGEON_SCROLLS_01.3DS 72351.421875 3256.1633300781 -8905.7294921875 0 -65 0 0 FULLWORLD2.ZEN
DT_BOOKS_01.3DS 72056.6328125 3241.1633300781 -9413.455078125 0 -95 0 0 FULLWORLD2.ZEN
NW_CITY_DECO_TROLLHEAD_01.3DS 72156.515625 3351.1633300781 -8585.0205078125 0 5 0 0 FULLWORLD2.ZEN
NW_CITY_KNIGHT_ARMOR_01.3DS 72260.613180302 3162.8767089844 -9807.8073755073 0 -175 0 1 FULLWORLD2.ZEN
nw_city_knight_armor_01.3ds 72567.9140625 3162.8767089844 -9824.96875 0 185 0 1 FULLWORLD2.ZEN
NW_CITY_MAP_WAR_CLOSED_01.3DS 72724.9921875 3287.8767089844 -9876.6328125 0 -190 0 0 FULLWORLD2.ZEN
OC_KITCHENSTUFF_V01.3DS 73042.21875 3417.8767089844 -8764.9892578125 0 55 0 0 FULLWORLD2.ZEN
OC_WEAPON_WALLARMOR.3DS 71481.109375 3457.8767089844 -8907.7998046875 0 -80 0 0 FULLWORLD2.ZEN
KB_KOGGE_01.3DS -3002.7746582031 -647.25048828125 -2258.0100097656 0 0 0 1 FULLWORLD2.ZEN
EVT_NC_MAINGATE01.3DS -22135.130669434 23.110412597656 4426.3899373727 0 0 0 1 FULLWORLD2.ZEN
evt_nc_maingate01.3ds -22562.794921875 -51.889587402344 4403.068359375 0 175 0 1 FULLWORLD2.ZEN
evt_nc_maingate01.3ds -23333.515435059 -301.88958740234 4208.3035115914 0 -25 0 1 FULLWORLD2.ZEN
NW_CITY_WEAPON_BARREL_01.3DS -21812.269387159 -1.8895874023438 3712.1905005484 0 50 0 1 FULLWORLD2.ZEN
NW_HARBOUR_BARRELGROUP_01.3DS -21760.6953125 78.110412597656 4038.6625976562 0 50 0 1 FULLWORLD2.ZEN
NW_MISC_BOARDS_01C.3DS -21630.642578125 -356.88958740234 1819.1456298828 0 205 0 1 FULLWORLD2.ZEN
NW_MISC_BOARDS_02A.3DS -21537.633402446 118.11041259766 3773.2777654819 0 -45 0 1 FULLWORLD2.ZEN
OC_CHICKENSTICK_V01.3DS -20946.974609375 -251.88958740234 1715.7453613281 0 155 0 1 FULLWORLD2.ZEN
OC_FIREPLACE_V5.3DS -22050.015625 -196.88958740234 2354.2380371094 0 -235 0 1 FULLWORLD2.ZEN
OC_FIREWOOD_V1.3DS -22019.486328125 -446.88958740234 1721.7508544922 0 70 0 1 FULLWORLD2.ZEN
ADDON_PLANTS_HANGPLANTS_01_374P.3DS -20549.571550426 -201.88958740234 2260.5436753866 0 5 0 0 FULLWORLD2.ZEN
ADDON_PLANTS_HANGPLANTS_02_494P.3DS -20596.907436441 -201.88958740234 2285.257574534 0 -15 0 0 FULLWORLD2.ZEN
NW_HARBOUR_SMALL_BOAT_02.3DS -24077.077802826 -731.88958740234 2302.3942871094 0 240 0 1 FULLWORLD2.ZEN
NW_HARBOUR_SMALL_BOAT_03.3DS -24420.285478424 -716.88958740234 3277.3051757812 0 -240 0 1 FULLWORLD2.ZEN
NW_HARBOUR_FISHINGNETBIG.3DS -23328.947265625 -421.88958740234 3350.1433105469 0 -35 0 0 FULLWORLD2.ZEN
NW_MISC_POOR_HUT_01.3DS -21047.051230244 88.442649841309 3362.070462413 0 75 0 1 FULLWORLD2.ZEN
OC_LOB_SHELF_1.3DS -21016.353515625 1.6840171813965 3515.8486328125 3 -15 2 1 FULLWORLD2.ZEN
NW_CITY_DECO_WHEEL_01.3DS -21082.153850338 186.68402099609 3504.0876371947 24 -15 -11 1 FULLWORLD2.ZEN
NW_HARBOUR_BARREL_01.3DS -20875.00621927 41.684017181396 3259.9444690216 0 10 0 1 FULLWORLD2.ZEN
AW_CRATEPILE_01.3DS -22695.671875 -456.69934082031 1654.1375732422 10 150 20 1 FULLWORLD2.ZEN
NW_HARBOUR_BARRELGROUP_02.3DS -23176.873046875 -356.69937133789 3371.3369140625 0 50 5 1 FULLWORLD2.ZEN
EVT_NC_MAINGATE01.3DS -23735.212890625 -458.61599731445 4024.375 0 -200 0 1 FULLWORLD2.ZEN
NW_MISC_MINE_ENTRANCE_01.3DS -23926.6484375 -783.61596679688 3692.8889160156 10 75 10 1 FULLWORLD2.ZEN
NW_NATURE_WATERGRASS_56P.3DS -23499.849609375 -408.61596679688 2328.0090332031 0 -125 0 0 FULLWORLD2.ZEN
NW_NATURE_WATERGRASS_02_100P.3DS -23929.0703125 -558.61596679688 3094.9162597656 10 -110 15 0 FULLWORLD2.ZEN
MIN_LOB_STONE_V2_30.3DS -20421.363730244 -356.92523193359 2388.667818837 0 -75 0 1 FULLWORLD2.ZEN
KB_KOGGE_01.3DS -40005.296875 -2028.2250976563 22043.296875 0 100 0 1 ADDON\\ADDONWORLD.ZEN
MIN_LOB_STANDINGWORKPLANK_5X7M.3DS 16328.822194764 1002.193359375 -4050.2311011218 0 220 0 1 FULLWORLD2.ZEN
NW_SHIP_STAIRS_NAVROOM_01.3DS 16838.4609375 954.6013183594 -3842.6228027344 0 -1035 0 1 FULLWORLD2.ZEN
nw_ship_stairs_navroom_01.3ds 16913.040260313 874.60131835938 -3771.4377670306 0 405 0 1 FULLWORLD2.ZEN
NW_CITY_CANDLE_01.3DS 16067.932694013 1022.7365722656 -4081.3970061568 -5 190 0 1 FULLWORLD2.ZEN
nw_city_candle_01.3ds 16485.126953125 1022.7365722656 -3613.1443360033 0 30 0 1 FULLWORLD2.ZEN
AW_CRATEPILE_01.3DS 17429.608116557 1002.7365722656 -3597.7472573567 0 110 0 1 FULLWORLD2.ZEN
NW_CITY_WEAPON_BARREL_01.3DS 17089.391751476 942.73657226562 -3931.9160549127 0 525 0 1 FULLWORLD2.ZEN
OC_MOB_SHELVES_SMALL.3DS 16981.892578125 857.73657226562 -3275.7873535156 0 5 0 1 FULLWORLD2.ZEN
ADDON_DUNGEON_SCROLLS_01.3DS 16914.779296875 1042.7365722656 -3273.6254882812 0 0 0 1 FULLWORLD2.ZEN
DT_BOOKS_01.3DS 17006.25 982.73657226562 -3276.2893066406 0 55 0 1 FULLWORLD2.ZEN
KB_KOGGE_01.3DS -30620.58203125 -2035.029296875 30041.732421875 0 50 0 1 ADDON//ADDONWORLD.ZEN
ORC_PLANKS_2X3M.3DS -44480.41796875 -1832.0964355469 19831.267578125 -7 550 32 1 ADDONWORLD2.ZEN
ADDON_STONES_STONE_02_BIG_124P.3DS 4836.6904296875 -773.9443359375 -1832.8027832689 0 150 0 1 ADDONWORLD2.ZEN
ADDON_STONES_STONE_01_84P.3DS 4899.39453125 -598.9443359375 -1922.007128972 0 125 0 1 ADDONWORLD2.ZEN
ADDON_STONES_STONE_02_MED_124P.3DS 4560.4015990262 -773.9443359375 -1951.2275555217 0 175 0 1 ADDONWORLD2.ZEN
ADDON_STONES_STONE_02_MED_124P.3DS 4646.6989623075 -573.9443359375 -2000.5164959514 0 175 0 1 ADDONWORLD2.ZEN
ADDON_STONES_STONE_03_SMALL_92P.3DS 4787.5103110027 -423.9443359375 -1894.3096546427 0 200 0 1 ADDONWORLD2.ZEN
addon_stones_stone_03_small_92p.3ds 4522.8828125 -848.9443359375 -1801.0015869141 0 -175 0 1 ADDONWORLD2.ZEN
NC_LOB_TABLE2.3DS -17916.2265625 -613.29089355469 -841.97894287109 0 -550 0 1 ADDONWORLD2.ZEN
OC_SHELF_V2.3DS -17641.554543409 -623.29089355469 -790.31812506015 0 130 0 1 ADDONWORLD2.ZEN
OM_ORETABLE.3DS -17670.919921875 -628.29089355469 -207.72338867188 0 -285 0 1 ADDONWORLD2.ZEN
OC_KITCHENSTUFF_V01.3DS -17578.439453125 -488.29089355469 -589.31195068359 0 100 0 0 ADDONWORLD2.ZEN
ADDON_DUNGEON_SCROLLS_02.3DS -17630.257056854 -468.29089355469 -754.27394349007 0 90 0 0 ADDONWORLD2.ZEN
ADDON_MISC_HOLZWAND_02.3DS -18589.6015625 -628.29089355469 1232.4981689453 0 -115 0 1 ADDONWORLD2.ZEN
addon_misc_holzwand_02.3ds -16996.244140625 -498.29089355469 1080.9694824219 0 -75 0 1 ADDONWORLD2.ZEN
NW_MISC_BOARDS_01C.3DS -17079.865179976 -688.29089355469 1114.4144300154 0 160 0 1 ADDONWORLD2.ZEN
NW_MISC_BOARDS_02A.3DS -16833.330078125 -588.29089355469 1157.9833984375 0 120 0 1 ADDONWORLD2.ZEN
NW_MISC_BOARDS_02B.3DS -17902.705078125 -483.29089355469 -1062.7615966797 0 45 0 1 ADDONWORLD2.ZEN
NW_NATURE_WOODPIECE_01.3DS -17889.46484375 -528.29089355469 -871.32952880859 0 150 0 1 ADDONWORLD2.ZEN
OC_FIREWOOD_V1.3DS -17526.017578125 -678.29089355469 -129.78579711914 0 -840 0 1 ADDONWORLD2.ZEN
OC_FIREWOOD_V2.3DS -18473.25 -713.29089355469 1099.0905761719 0 -830 0 1 ADDONWORLD2.ZEN
OC_FIREWOOD_V3.3DS -17108.00390625 -708.29089355469 -45.15686416626 0 95 0 1 ADDONWORLD2.ZEN
OC_LEATHERSTAND_V01.3DS -18535.86328125 -568.29089355469 716.07702636719 0 -180 0 1 ADDONWORLD2.ZEN
NW_CITY_CART_01.3DS -18158.119140625 -663.29089355469 1071.4018554688 0 -10 0 1 ADDONWORLD2.ZEN
NW_MISC_BOARDS_01B.3DS -18154.22265625 -613.29089355469 1042.6163330078 12 75 -66 1 ADDONWORLD2.ZEN
NW_MISC_FIREPLACE_01.3DS -4948.8315429688 -1147.7155761719 -5868.2817382813 0 -375 0 1 ADDONWORLD2.ZEN
OW_TUNNELCOVER.3DS -4846.2075195313 -1162.7155761719 -7549.78125 -60 300 0 1 ADDONWORLD2.ZEN
ow_tunnelcover.3ds -4667.1379995046 -1162.7155761719 -6477.5211545664 -54 -105 0 1 ADDONWORLD2.ZEN
ow_tunnelcover.3ds -5458.3110351563 -1192.7155761719 -8003.8482322771 -63 330 0 1 ADDONWORLD2.ZEN
ow_tunnelcover.3ds -6601.9892578125 -1297.7155761719 -7496.0751953125 0 405 0 1 ADDONWORLD2.ZEN
NW_CITY_CANDLE_01.3DS -5637.447265625 -1117.7155761719 -5957.392578125 0 15 33 1 ADDONWORLD2.ZEN
OC_FIREPLACEBIG_V01.3DS -7567.3872070313 -1002.7155761719 -5307.7822265625 -6 -1440 -9 1 ADDONWORLD2.ZEN
